[gd_scene load_steps=8 format=2]

[ext_resource path="res://3d/obj/MOAI.obj" type="ArrayMesh" id=1]

[sub_resource type="SpatialMaterial" id=5]
albedo_color = Color( 0.737255, 0.517647, 0.0392157, 1 )

[sub_resource type="BoxShape" id=1]
extents = Vector3( 2.57706, 7.54361, 2.26503 )

[sub_resource type="CubeMesh" id=2]

[sub_resource type="SpatialMaterial" id=6]
albedo_color = Color( 0.203922, 0.172549, 0.172549, 1 )

[sub_resource type="BoxShape" id=3]
extents = Vector3( 10.1574, 0.59621, 9.96979 )

[sub_resource type="BoxShape" id=4]
extents = Vector3( 5.03747, 0.570392, 5.06101 )

[node name="MOAI" type="KinematicBody"]
transform = Transform( 0.707107, 0, 0.707107, 0, 1, 0, -0.707107, 0, 0.707107, 0, 0, 0 )

[node name="moai" type="MeshInstance" parent="."]
transform = Transform( 50, 0, 0, 0, 50, 0, 0, 0, 50, 0, 1.87871, 0 )
mesh = ExtResource( 1 )
material/0 = SubResource( 5 )

[node name="CollisionShape" type="CollisionShape" parent="."]
transform = Transform( 1, 0, 0, 0, 1, 0, 0, 0, 1, 0, 8.84553, -9.53674e-07 )
shape = SubResource( 1 )

[node name="MeshInstance2" type="MeshInstance" parent="."]
transform = Transform( 7.07107, 0, 7.07107, 0, 0.5, 0, -7.07107, 0, 7.07107, 0, 0.531776, 0 )
mesh = SubResource( 2 )
material/0 = SubResource( 6 )

[node name="MeshInstance3" type="MeshInstance" parent="."]
transform = Transform( 3.53553, 0, 3.53553, 0, 0.5, 0, -3.53553, 0, 3.53553, 0, 1.53178, 0 )
mesh = SubResource( 2 )
material/0 = SubResource( 6 )

[node name="CollisionShape2" type="CollisionShape" parent="."]
transform = Transform( 0.707107, 0, 0.707107, 0, 1, 0, -0.707107, 0, 0.707107, 0, 0.531776, 0 )
shape = SubResource( 3 )

[node name="CollisionShape3" type="CollisionShape" parent="."]
transform = Transform( 0.707107, 0, 0.707107, 0, 1, 0, -0.707107, 0, 0.707107, 0, 1.53178, 0 )
shape = SubResource( 4 )
